4135
1604
4997
5389
9612
4332
6200
956
6460
7218
331
5596
8137
245
8130
6146
879
2431
4037
5658
8979
6102
1663
7810
4734
9391
8843
7408
3598
5155
8620
6328
8689
9867
4891
5875
6396
3450
8116
3582
6369
2991
7875
6288
394
3739
2470
5459
3167
3852
1205
6552
9566
1089
526
665
9811
5188
1668
7945
5158
1208
8596
7175
4731
8291
6138
215
962
4519
1392
9792
682
8064
1700
6823
7374
7190
858
2522
650
300
5775
3062
4349
3394
6594
2964
1075
4442
7300
5484
5667
7502
371
9909
662
1265
1713
4500
8991
410
7540
271
601
8308
9175
2672
5752
731
8651
5938
8902
5673
4012
4339
6278
8520
2327
7410
3120
5020
9907
5709
7199
7892
2592
2027
68
4702
3043
1007
5249
1828
6632
4950
8243
930
8394
3844
3550
3170
1630
4301
8419
3020
8059
4006
8388
1498
1015
4467
5518
7521
3977
5182
7526
6822
3015
9525
5907
1491
9651
7026
1429
4176
1202
6382
6571
6768
4614
743
3350
4355
3718
1193
3651
6489
884
2977
6565
7011
9926
5353
1309
4365
3653
2357
5863
1579
5512
5193
5628
1745
4746
9690
8358
8471
9509
2572
3438
2045
5726
2667
1192
800
3013
2596
3562
3445
284
5812
2834
8056
4978
9283
8586
6508
4494
5229
2899
6043
2890
5836
428
815
1568
9519
6157
5075
3493
4733
2055
3952
28
3080
6376
7545
6477
1359
3216
7687
436
5697
6342
5556
4880
4142
8672
7870
1353
2502
8198
456
279
5513
4177
8851
8006
1044
2306
9547
8060
8924
4797
8475
7096
5009
218
8845
4645
8465
3014
1787
6584
9350
2282
8066
342
8706
4000
5768
8111
5031
3558
9713
6094
4747
9148
7914
6694
1870
8896
8769
3142
7020
6919
6915
865
8860
844
1712
8299
4469
5822
57
8923
4022
9665
6776
8029
9120
5749
3107
9546
275
7192
864
9610
5354
4642
7187
7686
5322
1222
3336
1218
4130
7075
3626
757
2982
637
8530
1622
4070
8714
1528
3008
9277
7832
5371
6899
32
1470
4639
7814
9310
4975
4900
7796
8030
2474
7323
6714
5975
9772
4559
7305
3093
240
2213
1418
596
2367
8656
2360
4626
3777
6643
6912
1308
4433
6635
810
9782
1424
8300
6351
5443
6158
7291
9971
5241
9273
2271
4589
978
5760
64
795
9924
1744
3628
935
7865
6042
907
1934
5780
957
2491
3071
1875
2917
8957
6589
1953
3292
3968
7710
1458
411
4850
7402
8561
6467
8134
5832
7711
5981
3194
2986
976
6347
6121
7487
3400
6703
4634
742
5378
2101
27
7050
890
744
6807
8144
9204
5421
128
6522
4124
6320
7451
9471
3456
3503
9662
941
6982
9293
5282
850
9929
4516
4391
2548
7888
6753
6013
7746
2955
6994
7482
2965
1180
2478
2811
6511
1658
3313
4466
1375
3206
8179
2270
4925
2512
2032
1172
3321
7249
9920
5942
280
5640
316
8371
7580
5733
5862
5877
9535
7449
4853
5367
2871
2501
7241
292
8779
8210
3996
3186
3710
4988
6163
3925
6629
6844
1207
2229
1016
2220
1536
177
487
1807
4298
3659
7103
2866
8418
9313
8777
9824
8784
138
8832
84
5148
9432
999
1835
9659
9302
5387
4640
7232
5559
1634
1834
4780
5350
4171
7719
8201
6166
4281
8307
5339
2002
3112
9987
7925
922
4616
4905
7095
5872
4921
3619
7125
6005
7276
3308
8213
1920
8605
6659
1133
6908
2015
222
3730
6415
167
8480
4377
1320
2846
1378
7604
8450
2576
6695
1683
3645
1553
2004
4443
3822
6393
2404
1244
7881
560
696
6727
9711
3352
519
4973
8287
9916
3387
2691
5355
4706
1949
2666
2646
6651
6913
6416
223
8679
2359
8425
5024
1445
1801
7511
4664
8591
1998
5057
8400
4970
2544
8564
1013
7689
9858
9750
3488
6613
9162
7628
5524
9418
9854
6413
6713
2129
507
4966
1524
1100
1733
6743
9580
9859
4949
3774
2381
2737
9205
7435
5015
6585
5435
4720
9188
6610
933
2039
9673
9296
2766
8583
6084
9822
2715
7284
4461
9538
5479
4047
272
3188
7806
718
6901
7355
8212
389
6281
1210
2152
613
4444
4722
2214
94
1057
673
1865
9982
3652
6870
9285
5945
7884
8375
920
3191
7929
7494
5143
339
4595
7943
8709
508
4264
5647
8021
5134
2804
7968
2609
5161
1845
4527
9558
4344
2949
6775
8404
7343
7609
6757
7194
157
8566
212
1614
2394
7335
1795
9435
567
7208
2005
4902
3787
1906
7361
3923
8491
1522
8662
518
9671
9517
369
148
6802
9965
6647
1327
1042
2228
5639
6859
6950
2205
877
8646
7770
2889
4440
4980
5672
3259
386
624
6468
7989
5677
746
5652
809
8296
5769
6993
6927
2738
7611
4445
8250
7085
3876
330
454
594
7530
8619
7644
3042
5267
6430
3992
7039
3098
114
7334
7976
7257
4996
1797
9383
3903
6679
8630
9737
9054
7800
2329
7947
4534
3133
9053
7143
4154
9065
728
4739
5529
2095
586
6436
9784
2033
3788
7308
7680
1675
4998
5060
2893
3415
4861
1518
9113
1362
4237
1232
6875
9698
229
7513
8158
172
4512
1543
142
8563
9588
4545
4748
1791
1555
8081
1277
2546
8773
9611
9480
9122
7638
9153
528
5451
8758
2904
1743
5604
822
2743
6668
9194
9264
9682
1538
5246
5996
1513
6867
2001
6773
2707
6626
4225
9299
3320
2516
4280
2552
175
2077
9977
5347
9130
7400
8225
1367
7099
9282
8799
2003
9110
948
1758
1915
2413
1814
3729
4567
2314
2961
4870
8653
910
1961
5456
6767
1503
8874
2464
5332
5440
8439
320
9143
8652
6607
80
5481
8786
3127
8502
7237
5294
970
885
7387
548
7860
3003
1142
2634
9502
2857
9838
7418
4682
5548
2085
4002
2028
9127
1580
1072
7431
4526
453
7118
9861
5700
5082
8361
348
9912
8817
7754
3797
8323
8165
4688
5998
8987
5892
7256
3786
717
5889
1899
7574
5276
9276
6445
834
9873
1091
1399
9999